## htsjdk.samtools.metrics.StringHeader
# MarkDuplicates --INPUT mapped/X1a.bam --OUTPUT dedupe/X1a.bam --METRICS_FILE dedupe/X1a.metrics.txt --REMOVE_DUPLICATES true --CREATE_INDEX true --MAX_SEQUENCES_FOR_DISK_READ_ENDS_MAP 50000 --MAX_FILE_HANDLES_FOR_READ_ENDS_MAP 8000 --SORTING_COLLECTION_SIZE_RATIO 0.25 --TAG_DUPLICATE_SET_MEMBERS false --REMOVE_SEQUENCING_DUPLICATES false --TAGGING_POLICY DontTag --CLEAR_DT true --DUPLEX_UMI false --ADD_PG_TAG_TO_READS true --ASSUME_SORTED false --DUPLICATE_SCORING_STRATEGY SUM_OF_BASE_QUALITIES --PROGRAM_RECORD_ID MarkDuplicates --PROGRAM_GROUP_NAME MarkDuplicates --READ_NAME_REGEX <optimized capture of last three ':' separated fields as numeric values> --OPTICAL_DUPLICATE_PIXEL_DISTANCE 100 --MAX_OPTICAL_DUPLICATE_SET_SIZE 300000 --VERBOSITY INFO --QUIET false --VALIDATION_STRINGENCY STRICT --COMPRESSION_LEVEL 2 --MAX_RECORDS_IN_RAM 500000 --CREATE_MD5_FILE false --GA4GH_CLIENT_SECRETS client_secrets.json --help false --version false --showHidden false --USE_JDK_DEFLATER false --USE_JDK_INFLATER false
## htsjdk.samtools.metrics.StringHeader
# Started on: Tue Oct 11 17:29:18 PDT 2022

## METRICS CLASS	picard.sam.DuplicationMetrics
LIBRARY	UNPAIRED_READS_EXAMINED	READ_PAIRS_EXAMINED	SECONDARY_OR_SUPPLEMENTARY_RDS	UNMAPPED_READS	UNPAIRED_READ_DUPLICATES	READ_PAIR_DUPLICATES	READ_PAIR_OPTICAL_DUPLICATES	PERCENT_DUPLICATION	ESTIMATED_LIBRARY_SIZE
Unknown Library	932	58644111	79858816	5931952	840	24810563	557459	0.423074	48427703

## HISTOGRAM	java.lang.Double
BIN	CoverageMult	all_sets	optical_sets	non_optical_sets
1.0	1.004937	26056889	0	26316794
2.0	1.304318	5250764	484788	5085804
3.0	1.393507	1209005	19529	1145818
4.0	1.420077	402529	3873	385259
5.0	1.427993	197578	1511	192046
6.0	1.430351	122312	727	120231
7.0	1.431054	85963	351	84651
8.0	1.431263	64632	235	63777
9.0	1.431325	49993	140	49554
10.0	1.431344	40083	100	39675
11.0	1.431349	33510	50	33176
12.0	1.431351	28201	40	27856
13.0	1.431351	23784	34	23512
14.0	1.431352	20544	25	20337
15.0	1.431352	17817	25	17584
16.0	1.431352	15427	18	15272
17.0	1.431352	13816	14	13701
18.0	1.431352	12357	12	12172
19.0	1.431352	11026	15	10928
20.0	1.431352	9915	10	9900
21.0	1.431352	9075	9	8919
22.0	1.431352	8001	3	7966
23.0	1.431352	7447	5	7352
24.0	1.431352	6987	1	6926
25.0	1.431352	6394	3	6421
26.0	1.431352	5906	3	5759
27.0	1.431352	5373	1	5327
28.0	1.431352	4996	2	4901
29.0	1.431352	4736	0	4677
30.0	1.431352	4434	4	4446
31.0	1.431352	4131	3	4027
32.0	1.431352	3761	1	3761
33.0	1.431352	3552	4	3557
34.0	1.431352	3371	3	3288
35.0	1.431352	3209	0	3187
36.0	1.431352	2953	1	2886
37.0	1.431352	2861	2	2897
38.0	1.431352	2642	0	2560
39.0	1.431352	2454	2	2452
40.0	1.431352	2420	1	2392
41.0	1.431352	2204	0	2205
42.0	1.431352	2174	0	2157
43.0	1.431352	2074	1	1982
44.0	1.431352	1922	2	1943
45.0	1.431352	1878	2	1856
46.0	1.431352	1779	0	1765
47.0	1.431352	1720	0	1638
48.0	1.431352	1589	0	1637
49.0	1.431352	1581	0	1518
50.0	1.431352	1486	2	1428
51.0	1.431352	1368	1	1379
52.0	1.431352	1331	0	1393
53.0	1.431352	1316	1	1260
54.0	1.431352	1246	0	1253
55.0	1.431352	1231	0	1231
56.0	1.431352	1166	2	1124
57.0	1.431352	1111	0	1078
58.0	1.431352	1081	1	1057
59.0	1.431352	1007	0	982
60.0	1.431352	919	0	937
61.0	1.431352	960	0	993
62.0	1.431352	944	0	941
63.0	1.431352	893	0	867
64.0	1.431352	918	0	898
65.0	1.431352	846	0	832
66.0	1.431352	830	0	788
67.0	1.431352	741	0	751
68.0	1.431352	759	1	775
69.0	1.431352	719	0	686
70.0	1.431352	753	0	740
71.0	1.431352	681	1	690
72.0	1.431352	680	0	675
73.0	1.431352	633	0	643
74.0	1.431352	602	0	579
75.0	1.431352	613	1	571
76.0	1.431352	552	0	550
77.0	1.431352	559	0	551
78.0	1.431352	502	0	515
79.0	1.431352	511	0	479
80.0	1.431352	498	0	502
81.0	1.431352	485	0	500
82.0	1.431352	491	1	466
83.0	1.431352	483	0	525
84.0	1.431352	493	0	472
85.0	1.431352	458	0	435
86.0	1.431352	431	0	432
87.0	1.431352	431	0	423
88.0	1.431352	453	0	427
89.0	1.431352	426	0	426
90.0	1.431352	396	0	419
91.0	1.431352	392	0	376
92.0	1.431352	418	0	401
93.0	1.431352	367	0	381
94.0	1.431352	358	0	339
95.0	1.431352	358	0	360
96.0	1.431352	336	0	304
97.0	1.431352	306	0	322
98.0	1.431352	341	0	334
99.0	1.431352	341	0	327
100.0	1.431352	303	0	300
101.0	0	299	0	312
102.0	0	290	0	280
103.0	0	294	1	276
104.0	0	247	0	267
105.0	0	297	0	283
106.0	0	244	0	258
107.0	0	273	0	281
108.0	0	273	0	275
109.0	0	275	0	236
110.0	0	260	0	262
111.0	0	233	0	229
112.0	0	261	0	269
113.0	0	233	0	211
114.0	0	257	0	247
115.0	0	208	0	226
116.0	0	213	0	208
117.0	0	222	0	203
118.0	0	199	0	206
119.0	0	202	0	189
120.0	0	184	0	183
121.0	0	177	0	213
122.0	0	208	0	184
123.0	0	196	0	167
124.0	0	166	0	175
125.0	0	166	0	187
126.0	0	190	0	199
127.0	0	191	0	185
128.0	0	175	0	171
129.0	0	197	0	159
130.0	0	157	1	170
131.0	0	162	0	166
132.0	0	179	0	162
133.0	0	149	0	143
134.0	0	126	0	157
135.0	0	158	1	134
136.0	0	157	0	154
137.0	0	142	0	162
138.0	0	166	0	140
139.0	0	143	0	157
140.0	0	167	0	153
141.0	0	144	0	149
142.0	0	135	0	132
143.0	0	148	0	138
144.0	0	109	0	128
145.0	0	150	0	122
146.0	0	113	0	147
147.0	0	148	0	134
148.0	0	112	0	123
149.0	0	133	0	103
150.0	0	114	0	125
151.0	0	111	0	127
152.0	0	117	0	127
153.0	0	126	0	123
154.0	0	135	0	112
155.0	0	125	0	112
156.0	0	121	0	108
157.0	0	103	0	106
158.0	0	104	0	107
159.0	0	90	0	85
160.0	0	114	0	123
161.0	0	102	0	97
162.0	0	100	0	92
163.0	0	91	0	93
164.0	0	83	0	104
165.0	0	95	0	93
166.0	0	106	0	100
167.0	0	92	0	89
168.0	0	112	0	89
169.0	0	74	0	103
170.0	0	98	0	72
171.0	0	90	0	95
172.0	0	89	0	68
173.0	0	77	0	99
174.0	0	91	0	80
175.0	0	79	0	71
176.0	0	76	0	65
177.0	0	81	0	84
178.0	0	71	0	81
179.0	0	67	0	73
180.0	0	81	0	73
181.0	0	82	0	75
182.0	0	64	0	66
183.0	0	74	0	80
184.0	0	66	0	73
185.0	0	83	0	81
186.0	0	82	0	76
187.0	0	72	0	63
188.0	0	65	0	67
189.0	0	70	0	62
190.0	0	68	0	68
191.0	0	69	0	59
192.0	0	59	0	51
193.0	0	56	0	53
194.0	0	50	0	62
195.0	0	55	0	57
196.0	0	60	0	59
197.0	0	54	1	80
198.0	0	72	0	58
199.0	0	67	0	62
200.0	0	70	0	57
201.0	0	53	0	53
202.0	0	49	0	53
203.0	0	56	0	45
204.0	0	52	0	55
205.0	0	49	0	54
206.0	0	49	0	57
207.0	0	48	0	59
208.0	0	57	0	51
209.0	0	62	0	53
210.0	0	52	0	69
211.0	0	63	0	39
212.0	0	58	0	43
213.0	0	30	0	54
214.0	0	47	0	47
215.0	0	50	0	49
216.0	0	62	0	49
217.0	0	35	0	44
218.0	0	37	0	42
219.0	0	50	0	51
220.0	0	53	0	45
221.0	0	50	0	39
222.0	0	38	0	39
223.0	0	38	0	50
224.0	0	39	0	38
225.0	0	45	0	36
226.0	0	37	0	38
227.0	0	39	0	36
228.0	0	44	0	37
229.0	0	33	0	49
230.0	0	39	0	47
231.0	0	37	0	39
232.0	0	51	0	38
233.0	0	42	0	41
234.0	0	39	0	37
235.0	0	43	0	38
236.0	0	29	0	23
237.0	0	33	0	43
238.0	0	36	0	34
239.0	0	40	0	37
240.0	0	32	0	38
241.0	0	38	1	37
242.0	0	36	0	34
243.0	0	34	0	42
244.0	0	28	0	22
245.0	0	34	0	36
246.0	0	44	0	39
247.0	0	30	0	43
248.0	0	34	0	36
249.0	0	47	0	39
250.0	0	43	0	35
251.0	0	30	0	28
252.0	0	41	0	31
253.0	0	36	0	32
254.0	0	24	0	26
255.0	0	29	0	35
256.0	0	30	0	34
257.0	0	37	0	27
258.0	0	24	0	26
259.0	0	30	0	27
260.0	0	38	0	33
261.0	0	23	0	35
262.0	0	30	0	24
263.0	0	33	0	28
264.0	0	31	0	23
265.0	0	17	0	31
266.0	0	29	0	29
267.0	0	24	0	19
268.0	0	25	0	26
269.0	0	21	0	34
270.0	0	28	0	25
271.0	0	26	0	14
272.0	0	30	0	24
273.0	0	18	0	27
274.0	0	29	0	26
275.0	0	24	0	22
276.0	0	22	0	30
277.0	0	28	0	18
278.0	0	26	0	26
279.0	0	23	0	22
280.0	0	16	0	34
281.0	0	26	0	22
282.0	0	24	0	19
283.0	0	13	0	22
284.0	0	35	0	17
285.0	0	18	0	26
286.0	0	25	0	22
287.0	0	24	0	21
288.0	0	18	0	26
289.0	0	22	0	16
290.0	0	32	0	21
291.0	0	21	0	22
292.0	0	16	0	16
293.0	0	24	0	16
294.0	0	13	0	20
295.0	0	18	0	20
296.0	0	23	0	22
297.0	0	12	0	21
298.0	0	20	0	17
299.0	0	17	0	16
300.0	0	19	0	17
301.0	0	19	0	21
302.0	0	24	0	15
303.0	0	21	0	22
304.0	0	15	0	14
305.0	0	16	0	17
306.0	0	21	0	16
307.0	0	18	0	16
308.0	0	15	0	14
309.0	0	17	0	23
310.0	0	12	0	16
311.0	0	21	0	17
312.0	0	19	0	16
313.0	0	16	0	16
314.0	0	14	0	12
315.0	0	14	0	18
316.0	0	13	0	17
317.0	0	18	0	7
318.0	0	14	0	16
319.0	0	10	0	9
320.0	0	10	0	19
321.0	0	19	0	17
322.0	0	16	0	17
323.0	0	16	0	20
324.0	0	17	0	13
325.0	0	15	0	18
326.0	0	18	0	11
327.0	0	14	0	13
328.0	0	15	0	16
329.0	0	14	0	17
330.0	0	11	0	17
331.0	0	22	0	13
332.0	0	14	0	14
333.0	0	16	0	19
334.0	0	16	0	7
335.0	0	8	0	18
336.0	0	13	0	10
337.0	0	15	0	12
338.0	0	6	0	9
339.0	0	14	0	13
340.0	0	13	0	14
341.0	0	13	0	8
342.0	0	10	0	14
343.0	0	13	0	10
344.0	0	22	0	17
345.0	0	11	0	8
346.0	0	13	0	8
347.0	0	10	0	9
348.0	0	8	0	17
349.0	0	12	0	12
350.0	0	6	0	10
351.0	0	6	0	15
352.0	0	17	0	16
353.0	0	20	0	16
354.0	0	16	0	10
355.0	0	13	0	14
356.0	0	7	0	10
357.0	0	8	0	14
358.0	0	12	0	17
359.0	0	16	0	12
360.0	0	17	0	14
361.0	0	10	0	11
362.0	0	16	0	11
363.0	0	10	0	11
364.0	0	8	0	5
365.0	0	11	0	9
366.0	0	12	0	5
367.0	0	10	0	15
368.0	0	10	0	15
369.0	0	16	0	15
370.0	0	10	0	8
371.0	0	8	0	14
372.0	0	14	0	14
373.0	0	12	0	8
374.0	0	15	0	12
375.0	0	7	0	12
376.0	0	9	0	10
377.0	0	13	0	11
378.0	0	14	0	14
379.0	0	10	0	9
380.0	0	12	0	10
381.0	0	9	0	9
382.0	0	6	0	6
383.0	0	13	0	9
384.0	0	15	0	7
385.0	0	7	0	15
386.0	0	6	0	10
387.0	0	10	0	11
388.0	0	10	0	10
389.0	0	14	0	13
390.0	0	8	0	9
391.0	0	16	0	8
392.0	0	11	0	10
393.0	0	6	0	12
394.0	0	9	0	8
395.0	0	8	0	7
396.0	0	10	0	5
397.0	0	7	0	6
398.0	0	7	0	4
399.0	0	9	1	4
400.0	0	7	0	4
401.0	0	8	0	9
402.0	0	4	0	12
403.0	0	8	0	7
404.0	0	6	0	16
405.0	0	4	0	8
406.0	0	9	0	8
407.0	0	10	0	2
408.0	0	7	0	12
409.0	0	9	0	8
410.0	0	7	0	14
411.0	0	10	0	8
412.0	0	10	0	9
413.0	0	10	0	2
414.0	0	11	0	8
415.0	0	11	0	5
416.0	0	6	0	8
417.0	0	5	0	8
418.0	0	5	0	6
419.0	0	5	0	6
420.0	0	10	0	11
421.0	0	6	0	6
422.0	0	5	0	6
423.0	0	8	0	6
424.0	0	4	0	4
425.0	0	3	0	8
426.0	0	8	0	11
427.0	0	10	0	5
428.0	0	9	0	2
429.0	0	12	0	6
430.0	0	4	0	4
431.0	0	3	0	4
432.0	0	5	0	6
433.0	0	2	0	8
434.0	0	7	0	7
435.0	0	4	0	4
436.0	0	6	0	6
437.0	0	8	0	4
438.0	0	9	0	7
439.0	0	3	0	10
440.0	0	7	0	8
441.0	0	10	0	7
442.0	0	4	0	8
443.0	0	7	0	7
444.0	0	8	0	5
445.0	0	5	0	9
446.0	0	3	0	7
447.0	0	8	0	2
448.0	0	9	0	8
449.0	0	7	0	10
450.0	0	11	0	5
451.0	0	4	0	5
452.0	0	6	0	5
453.0	0	6	0	5
454.0	0	6	0	5
455.0	0	7	0	4
456.0	0	4	0	5
457.0	0	3	0	10
458.0	0	8	0	6
459.0	0	2	0	5
460.0	0	8	0	5
461.0	0	4	0	3
462.0	0	6	0	3
463.0	0	7	0	8
464.0	0	7	0	8
465.0	0	4	0	1
466.0	0	3	0	9
467.0	0	8	0	5
468.0	0	5	0	8
469.0	0	6	0	9
470.0	0	2	0	2
471.0	0	5	0	7
472.0	0	7	0	5
473.0	0	7	0	4
474.0	0	9	0	6
475.0	0	8	0	6
476.0	0	2	0	9
477.0	0	4	0	2
478.0	0	7	0	3
479.0	0	7	0	9
480.0	0	5	0	2
481.0	0	0	0	1
482.0	0	7	0	6
483.0	0	6	0	6
484.0	0	5	0	6
485.0	0	6	0	3
486.0	0	4	0	6
487.0	0	2	0	6
488.0	0	6	0	1
489.0	0	3	0	4
490.0	0	6	0	3
491.0	0	4	0	4
492.0	0	4	0	4
493.0	0	4	0	5
494.0	0	4	0	5
495.0	0	3	0	1
496.0	0	6	0	4
497.0	0	2	0	5
498.0	0	2	0	6
499.0	0	5	0	1
500.0	0	5	0	3
501.0	0	4	0	3
502.0	0	5	0	7
503.0	0	2	0	8
504.0	0	7	0	4
505.0	0	5	0	2
506.0	0	4	0	3
507.0	0	5	0	8
508.0	0	2	0	4
509.0	0	5	0	4
510.0	0	2	0	5
511.0	0	4	0	2
512.0	0	6	0	6
513.0	0	1	0	3
514.0	0	5	0	2
515.0	0	2	0	4
516.0	0	9	0	6
517.0	0	4	0	4
518.0	0	4	0	5
519.0	0	2	0	10
520.0	0	4	0	5
521.0	0	5	0	4
522.0	0	6	0	4
523.0	0	5	0	3
524.0	0	7	0	3
525.0	0	3	0	3
526.0	0	4	0	4
527.0	0	9	0	6
528.0	0	6	0	0
529.0	0	1	0	4
530.0	0	1	0	6
531.0	0	3	0	2
532.0	0	1	0	4
533.0	0	2	0	1
534.0	0	7	0	2
535.0	0	1	0	3
536.0	0	5	0	4
537.0	0	2	0	5
538.0	0	5	0	5
539.0	0	2	0	2
540.0	0	2	0	2
541.0	0	3	0	4
542.0	0	6	0	2
543.0	0	3	0	4
544.0	0	2	0	3
545.0	0	2	0	2
546.0	0	5	0	1
547.0	0	1	0	1
548.0	0	2	0	2
549.0	0	1	0	3
550.0	0	3	0	4
551.0	0	4	0	2
552.0	0	4	0	7
553.0	0	3	0	6
554.0	0	3	0	3
555.0	0	8	0	0
556.0	0	3	0	4
557.0	0	2	0	5
558.0	0	2	0	3
559.0	0	1	0	2
560.0	0	3	0	2
561.0	0	7	0	4
562.0	0	4	0	5
563.0	0	3	0	4
564.0	0	4	0	9
565.0	0	2	0	11
566.0	0	5	0	0
567.0	0	4	0	4
568.0	0	3	0	1
569.0	0	10	0	2
570.0	0	1	0	2
571.0	0	5	0	3
572.0	0	4	0	4
573.0	0	1	0	2
574.0	0	7	0	1
575.0	0	2	0	3
576.0	0	1	0	2
577.0	0	2	0	2
578.0	0	0	0	2
579.0	0	2	0	4
580.0	0	4	0	2
581.0	0	3	0	2
582.0	0	4	0	2
583.0	0	4	0	3
584.0	0	2	0	2
585.0	0	2	0	6
586.0	0	3	0	1
587.0	0	1	0	3
588.0	0	3	0	4
589.0	0	2	0	0
590.0	0	2	0	5
591.0	0	2	0	3
592.0	0	5	0	2
593.0	0	3	0	2
594.0	0	1	0	1
595.0	0	4	0	3
596.0	0	1	0	1
597.0	0	1	0	3
598.0	0	2	0	1
599.0	0	4	0	3
600.0	0	1	0	3
601.0	0	2	0	4
602.0	0	1	0	0
603.0	0	4	0	5
604.0	0	3	0	4
605.0	0	3	0	1
606.0	0	2	0	1
607.0	0	6	0	2
608.0	0	1	0	5
609.0	0	1	0	1
610.0	0	3	0	1
611.0	0	0	0	3
612.0	0	3	0	2
613.0	0	2	0	5
614.0	0	1	0	3
615.0	0	4	0	1
616.0	0	4	0	5
617.0	0	3	0	0
618.0	0	3	0	2
619.0	0	5	0	1
620.0	0	1	0	1
621.0	0	1	0	4
622.0	0	0	0	1
623.0	0	3	0	2
624.0	0	1	0	4
625.0	0	1	0	4
626.0	0	6	0	0
627.0	0	3	0	3
628.0	0	2	0	6
629.0	0	1	0	0
630.0	0	2	0	0
631.0	0	3	0	2
632.0	0	2	0	0
633.0	0	1	0	0
634.0	0	5	0	3
635.0	0	0	0	1
636.0	0	0	0	1
637.0	0	3	0	2
638.0	0	1	0	3
639.0	0	0	0	1
640.0	0	0	0	2
641.0	0	5	0	5
642.0	0	1	0	1
643.0	0	1	0	1
644.0	0	3	0	1
645.0	0	2	0	1
646.0	0	3	0	2
648.0	0	3	0	3
649.0	0	3	0	1
650.0	0	2	0	1
651.0	0	0	0	3
652.0	0	3	0	3
653.0	0	0	0	3
654.0	0	3	0	3
655.0	0	1	0	4
656.0	0	1	0	1
657.0	0	4	0	0
658.0	0	2	0	1
659.0	0	0	0	1
660.0	0	4	0	1
661.0	0	3	0	2
662.0	0	2	0	1
663.0	0	2	0	0
664.0	0	0	0	3
665.0	0	0	0	1
666.0	0	2	0	1
668.0	0	1	0	4
669.0	0	4	0	1
670.0	0	1	0	1
671.0	0	0	0	2
672.0	0	3	0	2
673.0	0	1	0	0
674.0	0	0	0	1
675.0	0	0	0	1
676.0	0	6	0	4
679.0	0	2	0	0
680.0	0	0	0	1
681.0	0	2	0	2
682.0	0	1	0	1
683.0	0	1	0	1
684.0	0	0	0	1
685.0	0	0	0	1
686.0	0	2	0	0
687.0	0	2	0	5
688.0	0	1	0	1
689.0	0	3	0	2
690.0	0	1	0	3
691.0	0	3	0	2
692.0	0	0	0	1
693.0	0	1	0	3
694.0	0	2	0	2
695.0	0	1	0	3
696.0	0	3	0	0
697.0	0	1	0	3
698.0	0	4	0	2
699.0	0	3	0	0
700.0	0	1	0	2
701.0	0	1	0	2
702.0	0	2	0	1
703.0	0	1	0	0
704.0	0	1	0	2
705.0	0	0	0	1
706.0	0	2	0	1
707.0	0	1	0	0
708.0	0	1	0	1
709.0	0	0	0	2
710.0	0	3	0	1
711.0	0	2	0	1
712.0	0	3	0	1
713.0	0	2	0	2
714.0	0	1	0	2
715.0	0	2	0	0
716.0	0	0	0	3
717.0	0	1	0	1
718.0	0	0	0	4
720.0	0	0	0	1
721.0	0	1	0	1
722.0	0	2	0	2
723.0	0	1	0	2
724.0	0	5	0	1
725.0	0	1	0	1
726.0	0	1	0	4
727.0	0	2	0	3
728.0	0	1	0	4
729.0	0	3	0	1
731.0	0	3	0	4
732.0	0	1	0	3
733.0	0	4	0	0
734.0	0	3	0	1
735.0	0	3	0	1
736.0	0	1	0	3
737.0	0	5	0	1
739.0	0	2	0	2
740.0	0	0	0	1
741.0	0	1	0	3
742.0	0	0	0	1
743.0	0	3	0	3
744.0	0	2	0	0
747.0	0	0	0	1
748.0	0	2	0	2
749.0	0	0	0	2
750.0	0	3	0	0
751.0	0	3	0	3
752.0	0	1	0	2
754.0	0	4	0	0
755.0	0	2	0	1
756.0	0	1	0	3
757.0	0	1	0	1
758.0	0	1	0	2
759.0	0	0	0	1
760.0	0	1	0	1
761.0	0	1	0	1
762.0	0	0	0	2
763.0	0	0	0	4
764.0	0	1	0	0
765.0	0	2	0	1
766.0	0	1	0	3
767.0	0	2	0	1
768.0	0	5	0	1
769.0	0	0	0	1
770.0	0	2	0	2
771.0	0	1	0	1
772.0	0	3	0	0
773.0	0	4	0	1
774.0	0	0	0	2
775.0	0	0	0	1
776.0	0	1	0	2
777.0	0	1	0	0
778.0	0	1	0	2
779.0	0	1	0	0
780.0	0	2	0	1
782.0	0	3	0	3
783.0	0	1	0	0
784.0	0	0	0	1
785.0	0	2	0	1
786.0	0	1	0	0
787.0	0	1	0	1
788.0	0	0	0	1
791.0	0	2	0	1
792.0	0	1	0	0
793.0	0	2	0	2
794.0	0	1	0	1
795.0	0	0	0	1
796.0	0	0	0	2
797.0	0	1	0	2
798.0	0	1	0	0
799.0	0	4	0	1
800.0	0	0	0	3
803.0	0	0	0	1
804.0	0	5	0	1
805.0	0	0	0	1
806.0	0	2	0	0
808.0	0	0	0	2
809.0	0	1	0	1
810.0	0	2	0	1
811.0	0	0	0	4
812.0	0	1	0	2
813.0	0	1	0	0
814.0	0	0	0	3
815.0	0	2	0	4
816.0	0	1	0	1
818.0	0	3	0	0
819.0	0	2	0	2
820.0	0	1	0	0
821.0	0	1	0	0
822.0	0	2	0	0
823.0	0	3	0	1
824.0	0	1	0	0
826.0	0	1	0	0
827.0	0	0	0	2
830.0	0	1	0	0
833.0	0	1	0	0
834.0	0	1	0	1
835.0	0	1	0	0
836.0	0	0	0	2
838.0	0	1	0	0
840.0	0	1	0	1
841.0	0	0	0	2
843.0	0	0	0	1
844.0	0	2	0	0
845.0	0	0	0	1
846.0	0	1	0	1
847.0	0	0	0	2
848.0	0	0	0	3
849.0	0	0	0	1
850.0	0	2	0	0
851.0	0	0	0	1
852.0	0	1	0	1
853.0	0	2	0	1
854.0	0	0	0	2
855.0	0	0	0	1
856.0	0	2	0	0
857.0	0	2	0	1
859.0	0	3	0	0
860.0	0	1	0	0
861.0	0	1	0	0
862.0	0	1	0	1
863.0	0	0	0	2
865.0	0	1	0	0
868.0	0	1	0	0
869.0	0	0	0	2
870.0	0	0	0	1
871.0	0	1	0	2
872.0	0	1	0	1
873.0	0	1	0	1
874.0	0	0	0	2
875.0	0	0	0	1
876.0	0	2	0	1
877.0	0	1	0	1
878.0	0	2	0	1
879.0	0	1	0	0
880.0	0	1	0	0
882.0	0	1	0	0
883.0	0	1	0	0
884.0	0	1	0	1
885.0	0	1	0	3
887.0	0	0	0	1
889.0	0	2	0	0
891.0	0	1	0	2
892.0	0	1	0	1
893.0	0	1	0	0
895.0	0	2	0	0
897.0	0	0	0	2
898.0	0	2	0	1
899.0	0	0	0	1
901.0	0	1	0	0
902.0	0	0	0	1
903.0	0	0	0	2
904.0	0	1	0	1
906.0	0	1	0	0
907.0	0	2	0	0
909.0	0	0	0	3
910.0	0	1	0	0
911.0	0	1	0	2
912.0	0	1	0	1
913.0	0	2	0	1
914.0	0	0	0	1
918.0	0	2	0	0
920.0	0	1	0	2
921.0	0	2	0	1
923.0	0	1	0	0
926.0	0	1	0	0
928.0	0	1	0	0
929.0	0	1	0	0
930.0	0	0	0	2
932.0	0	0	0	1
934.0	0	1	0	0
935.0	0	0	0	2
936.0	0	1	0	0
937.0	0	1	0	1
938.0	0	0	0	1
939.0	0	0	0	1
941.0	0	0	0	1
942.0	0	1	0	0
943.0	0	1	0	1
945.0	0	1	0	0
948.0	0	1	0	0
950.0	0	1	0	0
952.0	0	3	0	0
957.0	0	0	0	1
959.0	0	0	0	1
962.0	0	0	0	1
965.0	0	1	0	0
967.0	0	1	0	0
970.0	0	0	0	1
972.0	0	1	0	1
976.0	0	0	0	1
977.0	0	0	0	1
978.0	0	0	0	3
979.0	0	2	0	0
981.0	0	0	0	1
982.0	0	0	0	1
983.0	0	0	0	1
984.0	0	1	0	0
986.0	0	1	0	0
987.0	0	1	0	0
988.0	0	2	0	1
991.0	0	1	0	0
992.0	0	1	0	2
993.0	0	0	0	1
994.0	0	0	0	2
995.0	0	2	0	1
996.0	0	0	0	1
997.0	0	0	0	1
999.0	0	1	0	0
1002.0	0	1	0	0
1003.0	0	1	0	2
1004.0	0	1	0	1
1005.0	0	1	0	0
1006.0	0	1	0	0
1008.0	0	0	0	1
1009.0	0	2	0	0
1010.0	0	1	0	0
1011.0	0	0	0	2
1012.0	0	2	0	1
1013.0	0	0	0	1
1016.0	0	1	0	0
1019.0	0	1	0	1
1020.0	0	1	0	2
1021.0	0	0	0	1
1022.0	0	1	0	2
1023.0	0	0	0	1
1024.0	0	0	0	1
1025.0	0	1	0	1
1027.0	0	1	0	1
1029.0	0	5	0	0
1030.0	0	0	0	1
1031.0	0	0	0	1
1032.0	0	0	0	3
1034.0	0	1	0	0
1035.0	0	2	0	0
1038.0	0	1	0	0
1039.0	0	3	0	2
1041.0	0	1	0	0
1044.0	0	1	0	0
1045.0	0	0	0	2
1046.0	0	1	0	1
1047.0	0	0	0	1
1048.0	0	0	0	2
1049.0	0	1	0	0
1051.0	0	0	0	1
1052.0	0	1	0	1
1053.0	0	1	0	0
1054.0	0	1	0	3
1057.0	0	1	0	0
1058.0	0	0	0	1
1059.0	0	1	0	2
1060.0	0	1	0	2
1061.0	0	1	0	1
1062.0	0	1	0	1
1063.0	0	2	0	0
1065.0	0	1	0	1
1066.0	0	1	0	1
1069.0	0	2	0	0
1070.0	0	1	0	1
1071.0	0	1	0	0
1072.0	0	0	0	1
1073.0	0	0	0	1
1074.0	0	1	0	0
1075.0	0	1	0	0
1076.0	0	1	0	3
1078.0	0	2	0	1
1080.0	0	1	0	0
1082.0	0	1	0	1
1084.0	0	1	0	0
1085.0	0	1	0	0
1086.0	0	0	0	1
1088.0	0	0	0	1
1089.0	0	3	0	0
1092.0	0	0	0	1
1094.0	0	1	0	0
1095.0	0	1	0	1
1096.0	0	0	0	1
1098.0	0	0	0	1
1100.0	0	0	0	1
1101.0	0	0	0	1
1102.0	0	0	0	1
1103.0	0	0	0	1
1105.0	0	2	0	0
1108.0	0	1	0	0
1109.0	0	2	0	1
1110.0	0	1	0	1
1112.0	0	1	0	1
1114.0	0	1	0	0
1116.0	0	1	0	0
1119.0	0	1	0	0
1121.0	0	1	0	1
1123.0	0	0	0	1
1130.0	0	0	0	1
1134.0	0	1	0	0
1135.0	0	0	0	1
1136.0	0	2	0	0
1138.0	0	0	0	1
1139.0	0	0	0	1
1140.0	0	0	0	1
1143.0	0	0	0	1
1146.0	0	1	0	0
1147.0	0	1	0	0
1149.0	0	1	0	1
1150.0	0	1	0	1
1152.0	0	0	0	2
1154.0	0	0	0	1
1157.0	0	1	0	1
1158.0	0	1	0	0
1159.0	0	1	0	0
1160.0	0	1	0	0
1161.0	0	1	0	1
1162.0	0	0	0	1
1165.0	0	1	0	0
1166.0	0	1	0	0
1167.0	0	0	0	1
1168.0	0	1	0	1
1169.0	0	0	0	1
1175.0	0	1	0	0
1176.0	0	1	0	0
1177.0	0	0	0	1
1178.0	0	1	0	0
1181.0	0	0	0	2
1183.0	0	0	0	3
1184.0	0	1	0	0
1185.0	0	1	0	0
1188.0	0	1	0	0
1190.0	0	2	0	1
1193.0	0	1	0	0
1195.0	0	0	0	1
1198.0	0	1	0	0
1201.0	0	0	0	1
1202.0	0	1	0	2
1207.0	0	1	0	0
1210.0	0	0	0	2
1214.0	0	1	0	0
1216.0	0	1	0	0
1218.0	0	1	0	0
1219.0	0	2	0	0
1220.0	0	0	0	1
1222.0	0	0	0	1
1223.0	0	0	0	1
1227.0	0	0	0	1
1228.0	0	0	0	1
1231.0	0	0	0	1
1233.0	0	1	0	1
1235.0	0	1	0	0
1238.0	0	2	0	0
1239.0	0	1	0	0
1243.0	0	0	0	1
1245.0	0	1	0	1
1246.0	0	0	0	1
1247.0	0	1	0	0
1250.0	0	0	0	1
1251.0	0	0	0	1
1252.0	0	1	0	1
1253.0	0	1	0	0
1256.0	0	1	0	2
1257.0	0	1	0	0
1258.0	0	0	0	2
1261.0	0	2	0	2
1262.0	0	0	0	1
1263.0	0	0	0	1
1265.0	0	1	0	0
1267.0	0	1	0	0
1268.0	0	0	0	1
1269.0	0	2	0	1
1270.0	0	0	0	1
1272.0	0	1	0	0
1273.0	0	2	0	0
1275.0	0	1	0	0
1277.0	0	2	0	0
1279.0	0	0	0	1
1280.0	0	1	0	0
1282.0	0	0	0	1
1283.0	0	0	0	1
1286.0	0	0	0	1
1291.0	0	1	0	0
1293.0	0	2	0	1
1305.0	0	1	0	1
1306.0	0	1	0	0
1312.0	0	1	0	0
1315.0	0	0	0	1
1316.0	0	0	0	1
1321.0	0	0	0	1
1322.0	0	0	0	1
1323.0	0	0	0	1
1325.0	0	1	0	0
1327.0	0	1	0	0
1330.0	0	0	0	1
1333.0	0	1	0	0
1334.0	0	0	0	1
1338.0	0	1	0	0
1339.0	0	1	0	1
1343.0	0	2	0	0
1346.0	0	0	0	1
1347.0	0	0	0	1
1352.0	0	1	0	1
1357.0	0	1	0	0
1364.0	0	1	0	1
1367.0	0	1	0	0
1368.0	0	0	0	1
1370.0	0	0	0	1
1372.0	0	0	0	1
1377.0	0	0	0	1
1378.0	0	0	0	1
1379.0	0	2	0	0
1382.0	0	0	0	1
1383.0	0	0	0	1
1384.0	0	1	0	0
1386.0	0	1	0	0
1387.0	0	0	0	1
1388.0	0	1	0	0
1393.0	0	2	0	0
1397.0	0	0	0	1
1399.0	0	1	0	0
1402.0	0	0	0	1
1405.0	0	0	0	1
1407.0	0	1	0	0
1413.0	0	1	0	0
1414.0	0	1	0	0
1419.0	0	0	0	2
1420.0	0	0	0	1
1422.0	0	1	0	0
1429.0	0	0	0	1
1430.0	0	1	0	0
1433.0	0	1	0	0
1435.0	0	0	0	1
1436.0	0	1	0	1
1437.0	0	0	0	1
1443.0	0	1	0	0
1449.0	0	1	0	0
1451.0	0	1	0	0
1453.0	0	0	0	1
1454.0	0	1	0	0
1456.0	0	0	0	1
1460.0	0	1	0	0
1464.0	0	0	0	1
1468.0	0	1	0	0
1474.0	0	0	0	1
1479.0	0	0	0	2
1480.0	0	0	0	1
1484.0	0	1	0	0
1486.0	0	0	0	1
1487.0	0	1	0	0
1489.0	0	1	0	0
1492.0	0	1	0	0
1494.0	0	1	0	0
1500.0	0	1	0	0
1501.0	0	0	0	1
1502.0	0	0	0	1
1507.0	0	0	0	1
1508.0	0	0	0	1
1509.0	0	0	0	2
1513.0	0	1	0	0
1515.0	0	1	0	0
1518.0	0	1	0	0
1521.0	0	1	0	2
1523.0	0	1	0	0
1525.0	0	1	0	0
1529.0	0	0	0	1
1532.0	0	1	0	0
1540.0	0	1	0	0
1541.0	0	0	0	1
1544.0	0	1	0	0
1549.0	0	0	0	1
1551.0	0	0	0	1
1552.0	0	0	0	1
1558.0	0	1	0	0
1567.0	0	2	0	0
1572.0	0	1	0	1
1574.0	0	0	0	1
1583.0	0	0	0	1
1588.0	0	0	0	1
1591.0	0	2	0	0
1598.0	0	1	0	0
1604.0	0	1	0	0
1605.0	0	0	0	1
1620.0	0	0	0	1
1623.0	0	1	0	1
1625.0	0	0	0	1
1630.0	0	0	0	1
1631.0	0	0	0	1
1632.0	0	0	0	1
1635.0	0	2	0	0
1636.0	0	2	0	0
1646.0	0	2	0	0
1649.0	0	0	0	2
1659.0	0	0	0	1
1664.0	0	1	0	0
1669.0	0	1	0	0
1672.0	0	1	0	0
1675.0	0	0	0	1
1681.0	0	0	0	2
1689.0	0	1	0	0
1694.0	0	1	0	0
1695.0	0	0	0	1
1698.0	0	0	0	1
1703.0	0	1	0	0
1706.0	0	0	0	2
1707.0	0	1	0	0
1709.0	0	0	0	1
1717.0	0	1	0	0
1722.0	0	1	0	0
1724.0	0	1	0	0
1726.0	0	0	0	1
1727.0	0	0	0	1
1732.0	0	0	0	1
1733.0	0	1	0	0
1737.0	0	1	0	0
1741.0	0	0	0	1
1743.0	0	1	0	0
1744.0	0	1	0	0
1745.0	0	0	0	1
1755.0	0	1	0	0
1760.0	0	0	0	1
1763.0	0	0	0	1
1764.0	0	1	0	0
1772.0	0	1	0	0
1781.0	0	1	0	0
1798.0	0	0	0	1
1799.0	0	0	0	1
1800.0	0	0	0	1
1812.0	0	2	0	0
1817.0	0	1	0	0
1832.0	0	0	0	1
1851.0	0	0	0	1
1852.0	0	1	0	0
1868.0	0	1	0	0
1895.0	0	0	0	1
1911.0	0	0	0	1
1915.0	0	1	0	0
1921.0	0	0	0	1
1928.0	0	0	0	1
1935.0	0	1	0	0
1937.0	0	1	0	0
1948.0	0	1	0	0
1952.0	0	0	0	1
1968.0	0	1	0	0
1985.0	0	0	0	1
1994.0	0	0	0	1
2005.0	0	1	0	0
2009.0	0	1	0	0
2043.0	0	0	0	1
2055.0	0	0	0	1
2056.0	0	1	0	0
2066.0	0	0	0	1
2074.0	0	1	0	0
2084.0	0	1	0	0
2116.0	0	0	0	1
2136.0	0	1	0	0
2165.0	0	0	0	1
2169.0	0	0	0	1
2189.0	0	0	0	1
2191.0	0	1	0	0
2194.0	0	1	0	0
2209.0	0	0	0	1
2213.0	0	1	0	0
2218.0	0	0	0	1
2237.0	0	1	0	0
2238.0	0	1	0	0
2256.0	0	0	0	1
2271.0	0	0	0	1
2275.0	0	0	0	1
2276.0	0	0	0	1
2278.0	0	1	0	0
2282.0	0	0	0	1
2289.0	0	1	0	0
2292.0	0	1	0	0
2294.0	0	1	0	0
2298.0	0	0	0	1
2301.0	0	1	0	0
2314.0	0	1	0	0
2391.0	0	0	0	1
2402.0	0	0	0	1
2404.0	0	0	0	1
2409.0	0	1	0	0
2421.0	0	2	0	0
2502.0	0	0	0	1
2524.0	0	1	0	0
2559.0	0	0	0	1
2575.0	0	1	0	0
2605.0	0	0	0	2
2613.0	0	0	0	1
2620.0	0	1	0	0
2633.0	0	1	0	0
2637.0	0	1	0	0
2707.0	0	0	0	1
2725.0	0	1	0	0
2757.0	0	0	0	1
2783.0	0	1	0	0
2785.0	0	0	0	1
2815.0	0	1	0	0
2892.0	0	0	0	1
2917.0	0	1	0	0
2973.0	0	0	0	1
2989.0	0	0	0	1
2995.0	0	0	0	1
3005.0	0	1	0	0
3011.0	0	0	0	1
3012.0	0	1	0	0
3027.0	0	1	0	0
3038.0	0	1	0	0
3150.0	0	0	0	1
3155.0	0	0	0	1
3175.0	0	1	0	0
3181.0	0	0	0	1
3193.0	0	1	0	0
3206.0	0	1	0	0
3215.0	0	0	0	1
3245.0	0	1	0	0
3261.0	0	0	0	1
3264.0	0	0	0	1
3282.0	0	1	0	0
3291.0	0	1	0	0
3299.0	0	0	0	1
3332.0	0	1	0	1
3370.0	0	1	0	0
3432.0	0	0	0	1
3475.0	0	1	0	0
3595.0	0	0	0	1
3634.0	0	1	0	0
3639.0	0	0	0	1
3668.0	0	1	0	0
3706.0	0	0	0	1
3707.0	0	0	0	1
3740.0	0	1	0	0
3741.0	0	1	0	0
3754.0	0	0	0	1
3756.0	0	0	0	1
3757.0	0	0	0	1
3789.0	0	1	0	0
3790.0	0	1	0	0
3800.0	0	1	0	0
3811.0	0	0	0	1
3813.0	0	0	0	1
3843.0	0	1	0	0
3844.0	0	1	0	0
3963.0	0	0	0	1
3993.0	0	0	0	1
4005.0	0	1	0	0
4022.0	0	1	0	0
4063.0	0	0	0	1
4099.0	0	1	0	0
4483.0	0	0	0	1
4532.0	0	1	0	0
4592.0	0	0	0	1
4636.0	0	1	0	0
5273.0	0	0	0	1
5317.0	0	1	0	0
5346.0	0	0	0	1
5395.0	0	1	0	0
5509.0	0	0	0	1
5561.0	0	1	0	0
5787.0	0	0	0	1
5842.0	0	1	0	0
6380.0	0	0	0	1
6383.0	0	0	0	1
6430.0	0	1	0	0
6457.0	0	1	0	0
6870.0	0	0	0	1
6925.0	0	1	0	0
7496.0	0	0	0	1
7553.0	0	1	0	0
8080.0	0	0	0	1
8147.0	0	1	0	0
8833.0	0	0	0	1
8914.0	0	1	0	0
9196.0	0	0	0	1
9266.0	0	1	0	0
10511.0	0	0	0	1
10613.0	0	1	0	0
13177.0	0	0	0	1
13210.0	0	0	0	1
13306.0	0	1	0	0
13344.0	0	1	0	0
22409.0	0	0	0	1
22605.0	0	1	0	0
24505.0	0	0	0	1
24745.0	0	1	0	0
41211.0	0	0	0	1
41609.0	0	1	0	0

